43
45
50
54
79
88
120
129
131
132
133
155
163
167
176
177
188
197
199
240
241
246
249
252
254
270
277
287
297
298
299
303
322
324
327
330
347
354
367
371
389
408
416
430
440
445
454
455
459
462
466
471
486
488
489
500
513
516
519
550
556
559
572
573
578
586
588
591
594
600
603
608
610
616
629
632
633
636
654
655
661
664
666
670
671
672
673
675
677
680
697
698
700
709
726
731
732
733
741
751
756
761
772
783
785
789
792
798
805
819
821
824
856
858
861
872
876
878
884
887
915
939
963
965
980
987

1000
6
14
18
19
33
35
52
94
103
120
141
144
152
153
156
166
178
198
208
217
219
249
271
282
283
284
289
300
302
306
308
310
311
317
321
326
338
348
350
358
368
373
374
376
380
382
403
406
411
416
420
423
424
431
464
468
469
474
478
485
489
501
507
515
526
530
537
545
547
567
570
579
580
586
599
614
616
644
656
667
668
674
686
689
694
717
742
743
750
754
761
763
773
775
778
787
800
813
823
833
837
846
866
867
877
880
885
888
897
900
918
922
923
944
947
948
957
960
975
989

2006
9
55
88
89
101
149
193
234
249
251
256
268
322
371
424
438
453
456
483
551
583
629
674
697
714
760
765
776
791
807
821
853
855
864
921
951
957
958

3000
19
68
69
84
90
105
236
273
275
279
289
290
304
348
367
421
459
497
516
561
573
621
677
757
791
793
834
868

4005
15
35
43
95
97
128
151
222
295
327
410
412
444
446
495
598
608
740
769
784
813
879
888
945
998

5161
169
170
206
237
248
254
264
297
355
364
399
400
401
460
463
483
613
622
742
754
769
773
805
929
968

6002
13
22
66
69
150
165
167
286
351
367
404
411
419
631
658
662
701
722
759
761
865
874
903
936

7041
52
61
72
103
248
282
309
340
482
805
832
864
955
972
993

8163
342
482
486
507
666
715
750
763
795

9021
63
85
104
184
303
359
493
502
632
683
827
961
971

10033
50
58
273
297
302
606
734
770
810
926
935
971

11016
40
72
98
119
136
222
238
295
378
399
419
428
451
483
543
550
573
574
575
578
588
612

